homepage,resource
0pctpools.com,3
1-PCT.com,1
18.119.65.114/index.html,1
1mate.io,1
1percentpool.eu,319
21ada.ca,24
307pool.com,6
4goodstakepool.com,2
4tun8.tech,1
7ru3.com,7
8sqrdpools.com,1
A3CcryptoClub.com,3
BavarianStakePool.de,1
Cardano24.com,20
EpochStakePool.com,2
MooneyMint.com,1
OasisPool.io,23
Pool.Bio,4
StakeMyADA.net,4
StakeWithPride.com,18
TheMorphium.io,12
Voltairera.com,11
aada.finance,4
aastakepool.com,8
abcstake.com,3
actpool.io,1
ada-candy-stakepool.com,1
ada-stake.com,16
ada-staking.fr,40
ada-swag.com,30
ada-thailand.com,2
ada.ibexpool.com,23
ada.vegas,5
ada.xsec.es,4
ada.zone,6
ada247.net,2
ada4good.com,59
ada63pool.com,15
ada9000.io,9
adaalphapool.com,11
adaape.com,10
adabreathes.com,24
adacardano.ro,1
adacoinz.com,4
adacryptopool.com,1
adadada.club,1
adafarm.io,6
adaforwarriors.io,1
adafrog.io,30
adage.app,13
adagogo1.com,1
adaheartpool.com,2
adainground.com,1
adaloop.org,5
adalovelacepool.com,59
adaly.io,4
adamantium.online,2
adamoney.net,1
adamoon.net,32
adanet.io,3
adanorthpool.com,4
adaocean.com,187
adaocean.com.au,3
adapilot.com,73
adapointpool.com,14
adapolis.io,4
adapool.one,14
adapools.org/AMZ1,9
adapools.org/pool/1ed9bb5ed9e686c0ae6bfbcd8f61f7189b56c77d1ec42eb2b3465323,1
adapools.org/pool/4fe880d45cd6170400e70adc79591d8562cbfee07e25e506422da0d7,1
adapop.org,29
adappt.online,1
adaseal.eu,1
adastack.net,19
adastaking.co.uk,1
adastaking.eu,6
adastarnode.com,2
adastat.net,51
adastrong.com,23
adasuisse.io,1
adatree.io,2
adavanz.com,1
adavault.com,133
adaverse.com,3
adavn.com,1
adavn.stakings.club,2
adazoo.com,1
adazulpool.com,1
adoptstakepool.com,6
agapepool.ca,1
aichi-stakepool.com,47
akyo.org,7
alizeb.com,1
alliancestakepools.online,3
alphastaking.com,1
alps.kalu.solutions,15
altzpool.com,2
amsterdamnode.com,1
anetabtc.io,51
angelstakepool.net,45
angkorwatstakepool.net,1
antrixy.github.io,7
apexpool.info,13
apolostakepool.com,5
aquapool.io,1
arcadiastakepool.com,4
armadacardano.io,2
armyofspies.io,16
arrapool.io,18
arrk.live,1
artano.io,1
artzstakepool.com,2
assetstakepool.wixsite.com/asset,2
astra-pool.com,16
atlasstakepool.com,52
atmpool.io,1
atomicwallet.io,115
ausstaker.com.au,2
autostake.net,69
ayame3.com,4
az5.io,1
aztecstaking.com,1
azureada.com,134
azureada.com/azdfm,21
babbageblockchain.com,10
bancpool.com,7
banderini.net,30
bbhmm.net,1
beaver-stake-pool.net,8
bekindstakepools.online,11
binance.com,2373
bit.ly/3fQLy8y,9
bitapool.wixsite.com/bita,27
bitcoinsuisse.com,33
blackstarpool.com,20
bladepool.com,47
bliss-pool.net,4
blockademia.com,3
blockchainlens.org,5
blockdaemon.com,62
blockinvestmentgroup.com,5
blockops.zone,15
blockswell.com,1
bloompool.io,182
bloxbean.com,1
bluecheesestakehouse.com,111
bmpool.online,1
boba-pool.com,2
bonafideada.com,8
bourbonx.io,4
braveheartstakepool.com,1
bravostakepool.nl,51
brothershipool.org,43
bulletproofinvestingclub.com/index.html,3
canadastakes.ca,9
candlestake.com,2
capitalstakepool.info,2
cardan.io,2
cardanesia.com,60
cardania.com,1
cardanians.io,174
cardanistas.io,11
cardano-ada-staking-pool.com,15
cardano-education.com,6
cardano-israel.com,1
cardano-pool.eu,3
cardano-republic.com,2
cardano-staking-pool.cms.ubx.ph,5
cardano-staking.ch,3
cardano-thailand.com,6
cardano-universe.com,3
cardano.afterschoollabs.io,1
cardano.amsterdam,2
cardano.fans,25
cardano.ipclub29.com,43
cardano.netspectrum.com:3002,1
cardano.sargatxet.cloud,13
cardano.securestaking.io,168
cardano.stakepools.info,13
cardano.ubqt-splice.com,1
cardano420.com,1
cardanoaldia.com,2
cardanoatstake.com,6
cardanocafe.org,45
cardanocanada.org,1
cardanocanucks.com,30
cardanocult.com,51
cardanode.com.au,55
cardanode.io,89
cardanoeagle.com/ada-pool,6
cardanoforge.io,1
cardanoland.com,78
cardanolatino.com/cardanoenglish/Latino-Staking-Pool-Eng,4
cardanomint.com,2
cardanopool.xyz,1
cardanoproxy.com,3
cardanoreserve.com,13
cardanoscan.io,22
cardanosharp.com,11
cardanostake.io,1
cardanostakingpool.com,1
cardanosuisse.com,11
cardanotech.io,1
cardanowithpaul.com,66
cardaspians.io,1
cardax.io,3
cardino-ada.netlify.app,12
carpoolcrypto.com,8
catalystswarm.com,12
cbosp.com,1
ccj123.html.xdomain.jp,80
celsius.network,60
cent.stakepoolcentral.com,14
centimani.io,1
cerostakepool.com,38
cflowpool.com,20
chaincrucial.io,1
champada.io,2
chaos-staking.com,3
charity-pool.ro,11
cheaperpool.com,1
cheapstaking.com,33
cheekycrypto.io,2
chefpool.org,5
chilestakepo.cl,5
chunkymonkey.us,6
claynation.io/stake,19
clio.one,29
cloudboom.io,1
co2pool.com,3
codanar.com,3
coffeepool.jp,28
coinzzz.jp,163
congeepool.com,9
consensusmonky.de,4
corstakepool.com,1
cosd.com/pool,16
cosmicassetpool.net,10
cpoolsunited.com/pool?id=ERA,1
cpoolsunited.com/pool?id=VENUS,6
createplanets.com,4
crimsonpool.com,1
crowdano.com,12
crown-tech.co.jp/ctecstakepool,52
crownstakepool.com,5
crypto-loops.com/loops,14
cryptobounty.org,16
cryptocolony.cz,2
cryptofay.io,1
cryptofunctional.com,2
danteachescrypto.com/cardano-staking-pool,33
dappslatam.com,1
davidlikescrypto.com,7
deadpoolcrypto.com,2
decentralizedreality.io,1
dekrom.dev,1
denadapool.io,2
dentedmoon.com,2
devstakepool.github.io,1
dew-stake.com,6
diamondpool.io,4
digitalfortress.online,143
discovery-pool.com,7
docs.discoin.family,1
dolcapool.eu,2
doorkstaking.com,1
dot-stake-pool.amebaownd.com,2
doxacrypto.io,2
drunkendragon.games,2
dutchpool.eu,4
dynopool.com,2
earningcardano.com,3
easy1staking.com,19
ecopool.io,46
eelada.com,1
elitestakepool.com,10
ellipal.com/pages/ellipal-staking,1
elmpi.net,1
emurgo.io,333
encoins.io,2
endeavorstakepools.com,94
etoro.com,449
evaginger.com,14
everestada.com,1
everestpool.net,1
everstake.one,41
everstake.one/cardano,396
expo-dow.com,6
facebook.com/groups/adastakepool/?utm_source=adapools.org,3
fairpool.eu,48
fasostakepool.com,3
fatmattstaking.com,1
feelstakepool.com,31
fehupool.net,1
fikapool.com,18
fimi.vn/ada,10
flac.finance,5
flantoshi.com,2
fortepool.io,1
fortunepool.net,4
friends.staking4ADA.org,4
froggies.vercel.app,16
fungi-pool.com,5
gaiastakepool.com,2
gainspool.com,1
garden-pool.com,185
genepool.one,5
genius-x.co,147
genkipool.com,6
ghisx-pool.com,3
gimbalabs.com,16
git.io/JItdr,92
git.io/JU5Hg,23
github.com/ADA-MARS/POOL,3
github.com/SIMPLPool/SPO,4
github.com/crest9999,6
github.com/desayuno11,39
github.com/korea-gazuaa,2
github.com/rdlrt/rdlrt-pool,1
github.com/rgdl12345/rgdl12345,10
github.com/ryomapool/ryoma,15
github.com/stakepoolhub,15
goatstake.com,103
goldcoaststaking.com,2
grc1.netcount.gr,11
growpools.io,56
growyourstake.com,2
hada.vn.com,3
hashvalley.github.io,4
hazelpool.com,1
hermes-stakepool.com,52
herostakepool.com,5
hippo-pool.com,11
hivestaking.com,2
hodlada.today,100
hotelginebra.com.es,4
hunny-pool.com,2
huskypool.com,4
hyperlinkpool.kr,16
hysleeper.github.io/meow,8
i-design.watson.jp,1
iagon.com,4
iamx.id,21
ianesthesia.org/sage.html,6
ibexpool.com/basho,32
icryp.net,1
ideal-stake-pool.com,2
ikinaristakepool.amebaownd.com,34
indiepool.co,1
infiniastakepool.com,12
infstones.com,3
iohk.io,188
ispool.live,3
januspool.org,1
jazz.jazz-pool.com,18
jazz2.jazz-pool.com,17
jazz3.jazz-pool.com,24
jazz4.jazz-pool.com,21
joeystakepool.com,3
jorgepool.com,4
junostakepool.com,1
juststaking.com,1
kaizencrypto.com,39
kanayama11.xyz,5
kanayama12.xyz,5
kangaroo.onl,4
katanapool.com,101
kawancardano.com,10
kazunaka.com,27
kblocks.net,12
keipool.com,4
kevmate.com,2
kibatsu.club,1
kindstakepool.com,5
kiwipool.org,59
knockturnalley.io,1
koalapool.org,11
kopipool.com,36
koreapool.io,5
krypto-knight.us,38
kurdopia.store,4
kuris.org,2
kysenpool.io,32
lacepool.com,2
lambdastake.com,1
leadstakepool.com,10
leaf-pool.com,22
let-them-eat-stake.com,2
lidonation.com,5
lilystake.xyz,1
lkbh-pools.org,2
londonpool.co.uk,9
longshortsignal.com/cardanopool,1
loop-pool.one,2
lootpool.io,10
love2stake.com,1
lovelace.community,3
lovelacepool.com,50
loxeinc.com,26
lucky-pool.com,2
luminapool.io,1
luna-pool.com,1
lvlup-stakepool.com,1
maluiin.com,38
mantispool.net,21
maroc.resilientpool.com,1
masterstake.com,34
mediumrarestake.mitchjonesengineering.us,2
meld.com,1
metablx.com,2
metadex.fi,3
midgard.digital,1
mihopool.com,4
milky-pool.com,9
minasan.io,1
mine-ada.com,11
minswap.org,39
mirabiliacrypto.com,2
miyabi-kyoto.org,2
mobc.work,2
mobile.twitter.com/NGS_KGSP,4
mokshpool.org,59
monadpool.com,1
moonstake.io,342
mostaking.com,1
motostakepool.com,3
mugen-pool.com,1
myadapoolnamerocks.com,10
nanipool.com,1
nasec.co.uk/cardano,6
nedscave.io,137
neighborlypool.xyz,2
newm.io,30
nmkr.io,6
no-tax.biz,3
nodeasy.com,56
nodenetworks.org,43
nomadpool.io,1
noopspool.com,1
nordicpool.org,205
nspyrpool.com,1
nu.fi,674
occam-x.fi,16
octaluso.dyndns.org,32
odin.baselinux.net,1
okex.win,4
one-step-cardano.com,7
onecommunityada.com,4
oneequity-staking-pool.com,1
onyxstakepool.com,228
osaka-pool.com,10
ouroboros.mobi,13
ourostech.com.br,6
outerspace.money,1
ozzy-pool.com,42
p2p.org,41
panl.org,10
paradise-staking.com,2
parisadastakepool.fr,2
pasta-pool.com,1
pdtpools.io,1
pegasuspool.info,20
piada.io,16
pigofapool.github.io,1
pipool.online,46
planetstake.com,38
plantacrypto.com,1
plushpool.com,28
poapool.com,9
polypool.io,11
pool.adaph.io,11
pool.pm,3
pool.ravendex.io,2
pool_id_15,26
pool_id_1540,22
pool_id_1633,2
pool_id_1658,9
pool_id_169,2
pool_id_1704,1
pool_id_176,35
pool_id_1947,1
pool_id_2000,1
pool_id_2406,1
pool_id_3119,3
pool_id_3279,3
pool_id_3280,42
pool_id_3281,44
pool_id_3282,50
pool_id_3283,42
pool_id_3395,42
pool_id_3396,28
pool_id_3397,27
pool_id_3398,31
pool_id_3399,43
pool_id_3476,1
pool_id_3514,34
pool_id_3515,40
pool_id_3921,1
pool_id_4251,17
pool_id_4413,3
pool_id_4737,1
pool_id_4908,1
pool_id_4923,3
pool_id_4928,21
pool_id_4974,25
pool_id_4998,14
pool_id_5005,22
pool_id_810,15
pool_id_811,13
pool_id_815,18
pool_id_816,7
pool_id_967,1
pooldata.live,1
poolfixada.com,1
poolforlovelace.me,1
pools.zw3rk.com,6
pooltool.io/about,20
pooltool.io/pool/b81c65f4e17c8e94d89fcd369d11077af9800ae70177013a1a79b349,3
poolunder.com,13
poopool.org,1
popool.net,73
powerstakepool.com,9
profiler.biz,14
prometheus-pool.com,2
psiloblox.io,6
psyada.com,17
publickey.co.jp,52
pudim.od.gy,17
pxlz.org,3
qcpol.stakepool.quebec,1
qinglong-pool.com,2
quality-assurance-dao.github.io,11
qubitpool.com,1
queenada.com,23
quixote.systems,27
radarstakepool.org,10
rainstake.io,1
ranket2.wordpress.com,28
rarepepes.com,6
rats.fail,7
raynetwork.io,242
red-sky.one,1
relaypool.com,1
reliablestaking.com,1
responsible-staking.at,16
rightstakepool.com,3
rinauser.group,4
riotpools.com,5
risecardano.com,7
romerstakepool.io,3
rx78pool.wordpress.com,1
safestak.com,7
sakepool.com,24
saltnet.io,3
sandstone.io,8
sanskys.github.io,11
santoelectronics.com/santonode,5
scardano.io,13
scatdao.com,1
scoop.tech/sabai,2
seaside-staking.github.io,1
seedpools.org,4
share-pool.com,2
siam.mof.one,1
silvercitystaking.com,1
sipo.tokyo,111
sites.google.com/view/mango-staking-pool,1
sites.google.com/view/poolblessvenezuela/p%C3%A1gina-principal,1
skylightpool.com,23
smaug.pool.pm,31
smilespool.com,7
socalstakepool.com,1
socialch4in.com,5
solidone.io,3
solpi.de,9
southtyrolpool.it,1
spectrum-pool.kind.software,21
spirestaking.com,52
spklpool.com,1
squidpool.com,32
sspo.one,2
stake.army,2
stake.fish,58
stakeada.com,19
stakeada.kr,11
stakebowl.io,89
stakecardano.net,17
stakecool.io,118
staked.us,23
stakeforcake.com,4
stakeforfuture.org,10
stakeitbetter.com,1
stakelake.com,1
stakelovelace.io,36
stakenuts.com,2
stakepool.at,119
stakepool.guru,1
stakepool247.eu,6
stakepools.africa,1
stakepoolservice.com,189
stakewithmax.com,6
stakewithnerd.com,34
stakhanovite.io,1
staking-cardano.com,5
staking-fm.site,169
staking.cardanofun.com,67
staking.outofbits.com,21
staking.rocks,7
staking247.com,18
staking4ADA.org,23
stakit.io,63
steakandbake.github.io/ada,34
str8pool.com,56
sunner.org,1
sunnyada.io,74
swisscryptojay.ch,2
t.me/ADA_UP,3
t.me/StakingADA,4
t.me/TIGERpool,2
tap-ada.github.io,15
taverncrypto.com,1
terminada.io,1
tetonpool.com,1
texanstakes.com,1
thc-room335.com,12
thc-room335.com/rama,15
theartbank.io,5
thecryptobuff.com,2
theswim.net,24
thevikingpool.com,17
threepool.io,1
tinyurl.com/NINIstake,13
tinyurl.com/Pool-NICE,8
titanstaking.io,63
toadpool.org,2
toast-pool.us,6
tokyo-pool.com,1
tokyostaker.com,82
topopool.com,1
totalreturn-staking.com,1
tts17.com,25
twitter.com/4KOMA_StakePool,1
twitter.com/ARSA_usui,5
twitter.com/Beastlyorion,62
twitter.com/Berry__Capital,1
twitter.com/Berry___Capital,2
twitter.com/BradaPool,12
twitter.com/BreakingADA,9
twitter.com/CardanoGuru,41
twitter.com/Diamond25758632,1
twitter.com/ForivoraPool,1
twitter.com/HGK000,8
twitter.com/LightStakePool,3
twitter.com/LumpAHV8Lx1LGtU,26
twitter.com/Muggy_Pool,3
twitter.com/N_oyaji_ada,1
twitter.com/OystrPool,1
twitter.com/PalmaDeCardano,1
twitter.com/PoolAsahi,5
twitter.com/PoolOkayama,2
twitter.com/RANMA83054020,18
twitter.com/Rd7hrujn2Xv5FS2,7
twitter.com/SDGsPOOL,3
twitter.com/SMAN8_TickerSA8,12
twitter.com/SUNRISE_POOL,1
twitter.com/Sappo77sapporo,1
twitter.com/TAM_Stake_Pool,16
twitter.com/cardano_sugar,2
twitter.com/cardanodan,9
twitter.com/choco_stake,2
twitter.com/harudaibab,4
twitter.com/hisa_iokinawa,15
twitter.com/io_natasha,3
twitter.com/kazewa_minami,19
twitter.com/mac5_alpha,1
twitter.com/momoadapool,23
twitter.com/nagamaru_panda?s=06,2
twitter.com/nkr_1234,1
twitter.com/nvetech,17
twitter.com/oknw_pool,1
twitter.com/repsistance,1
twitter.com/sagittarius_stc,3
twitter.com/sakakibara1JPN,23
twitter.com/stakingberlin,4
twitter.com/tk_gems,3
tygar-pool.com,12
tylerscrypto.com,5
ukada.godaddysites.com,9
unbounded.earth,2
uniquestaking.com,3
unitedstakesofcardano.io,3
universe25.io,1
unknown101,44
unknown102,54
unknown103,56
unknown104,62
unknown105,47
unknown106,46
unknown107,49
unknown108,50
unknown109,54
unknown110,58
unknown111,66
unknown112,49
unknown113,53
unknown114,58
unknown115,47
unknown116,59
unknown117,61
unknown118,55
unknown119,67
unknown12,1
unknown120,47
unknown121,59
unknown122,41
unknown123,39
unknown124,45
unknown125,54
unknown126,66
unknown127,54
unknown128,61
unknown131,40
unknown132,38
unknown133,49
unknown134,20
unknown135,33
unknown136,30
unknown14,5
unknown141,2
unknown17,36
unknown19,28
unknown20,29
unknown21,32
unknown22,37
unknown23,28
unknown24,23
unknown25,27
unknown26,27
unknown27,35
unknown28,25
unknown29,24
unknown30,23
unknown31,25
unknown53,10
unknown67,1
unknown68,1
unknown71,4
unknown8,1
unknown81,10
unknown94,18
unknown99,44
unstoppable.staking4ada.org,1
usenobi.com,12
vadapool.com,2
valhallapool.net,1
validator.cex.io/ada,20
vampyre.fund,13
vapeavenue.info,2
vet05.webnode.kr,1
vibs.buzz,1
vicepool.com,12
vicispool.com,1
vincepool.com,18
viperstaking.com/ada-pools/adder-pool,11
viperstaking.com/ada-pools/viper-pool,25
vivi-stakepool.com,13
vogue-pool.com,4
volcyada.com,2
wafflepool.org,53
waldmops.nvmr.de,12
wastaking.xyz,6
wavegp.com,49
wavepool.digital,693
weqntstakepool.nl,4
white.topopool.com,2
wiredfoundation.org,1
wise-pool.eu,1
womenpool.net,1
woodlandpools.net,6
woofpool.github.io,3
world-economic-pool.amebaownd.com,23
xstakepool.com,61
xwin.com.my,3
yepple.io,4
yoada.fr,5
yokohamapool.com,2
yoroi-wallet.com,28
youradamoonpool.us,9
youtube.com/c/JasonPizzinoOfficial,1
youtube.com/c/augustobackes,4
youtube.com/channel/UCO_-AuhWHBUYq_eF63FS7bg,6
youtube.com/channel/UCRvqjQPSeaWn-uEx-w0XOIg,98
youtube.com/channel/UCf64J3dPdVRT6OJf57m-uyw,1
youtube.com/channel/UClFNxD5mGJa-XlZIcX2ko2A,1
youtube.com/cryptocapitalventure,151
yoyogi-pool.site,9
yummiuniverse.com,6
yuriyuriyuri.xyz,2
zeitgeistpool.com,2
zenithpool.io,2
zetetic.tech,64
zjavax.github.io/cardano_doc/#,3
zpngstakepool.com,3
